1 2 3,
1 2 4,
1 2 5,
1 2 6,
1 2 7,
1 2 8,
1 2 9,
1 2 10,
1 2 11,
1 2 12,
1 2 13,
1 2 14,
1 2 15,
1 2 16,
1 3 4,
1 3 5,
1 3 6,
1 3 7,
1 3 8,
1 3 9,
1 3 10,
1 3 11,
1 3 12,
1 3 13,
1 3 14,
1 3 15,
1 3 16,
1 4 5,
1 4 6,
1 4 7,
1 4 8,
1 4 9,
1 4 10,
1 4 11,
1 4 12,
1 4 13,
1 4 14,
1 4 15,
1 4 16,
1 5 6,
1 5 7,
1 5 8,
1 5 9,
1 5 10,
1 5 11,
1 5 12,
1 5 13,
1 5 14,
1 5 15,
1 5 16,
1 6 7,
1 6 8,
1 6 9,
1 6 10,
1 6 11,
1 6 12,
1 6 13,
1 6 14,
1 6 15,
1 6 16,
1 7 8,
1 7 9,
1 7 10,
1 7 11,
1 7 12,
1 7 13,
1 7 14,
1 7 15,
1 7 16,
1 8 9,
1 8 10,
1 8 11,
1 8 12,
1 8 13,
1 8 14,
1 8 15,
1 8 16,
1 9 10,
1 9 11,
1 9 12,
1 9 13,
1 9 14,
1 9 15,
1 9 16,
1 10 11,
1 10 12,
1 10 13,
1 10 14,
1 10 15,
1 10 16,
1 11 12,
1 11 13,
1 11 14,
1 11 15,
1 11 16,
1 12 13,
1 12 14,
1 12 15,
1 12 16,
1 13 14,
1 13 15,
1 13 16,
1 14 15,
1 14 16,
1 15 16,
2 3 5,
2 3 7,
2 3 11,
2 3 13,
2 3 15,
2 5 7,
2 5 11,
2 5 13,
2 7 11,
2 7 13,
2 11 13,
3 4 5,
3 4 7,
3 4 11,
3 4 13,
3 5 7,
3 5 11,
3 5 13,
3 7 11,
3 7 13,
3 11 13,
4 5 7,
4 5 11,
4 5 13,
4 7 11,
4 7 13,
4 11 13,
5 6 7,
5 6 11,
5 6 13,
5 7 11,
5 7 13,
5 11 13,
6 7 11,
6 7 13,
6 11 13,
7 8 11,
7 8 13,
7 11 13,
8 9 11,
8 9 13,
8 11 13,
9 10 11,
9 10 13,
9 11 13,
10 11 12,
10 11 13,
10 11 14,
10 11 15,
10 11 16,
10 12 13,
10 12 15,
10 13 14,
10 13 15,
10 13 16,
10 14 15,
10 15 16,
11 12 13,
11 12 14,
11 12 15,
11 12 16,
11 13 14,
11 13 15,
11 13 16,
11 14 15,
11 14 16,
11 15 16,
12 13 14,
12 13 15,
12 13 16,
12 14 15,
12 15 16,
13 14 15,
13 14 16,
13 15 16,
14 15 16,
